0
0
0
0
0
0
0
0
0
0
65
72
16
97
54
44
44
21
46
12
161
200
154
77
181
105
58
141
92
140
231
281
299
14
144
290
43
144
59
275
250
119
218
140
336
275
151
242
147
314
427
127
384
100
262
448
355
66
186
473
3
562
124
10
229
248
265
149
588
120
112
641
4
665
83
325
578
130
649
5
163
136
254
32
619
632
123
656
180
87
152
554
163
23
286
634
790
868
253
766
22
313
229
756
985
702
946
665
941
541
859
487
248
224
716
940
558
494
226
840
36
980
461
755
992
959
495
958
613
163
1127
842
305
837
1061
1230
960
100
14
1295
413
852
481
735
148
954
770
1080
1304
207
43
458
1023
942
155
1090
169
75
18
1452
337
1472
548
1448
137
1056
732
893
126
232
183
271
1265
1502
1386
639
1589
552
1431
1507
1605
1461
408
164
221
723
289
187
697
839
1580
769
1300
828
1350
145
1029
1459
190
1384
1004
452
698
684
1714
320
887
217
746
53
610
1327
2010
1869
1089
281
397
1227
381
968
101
612
3
262
1866
1301
136
732
84
848
660
917
136
257
626
2071
1495
1384
64
535
352
992
902
1840
1548
1000
1911
244
1389
737
1020
1906
1631
770
33
1460
920
552
1408
2081
1530
1406
1070
2435
1028
2514
1177
211
696
1840
1376
599
782
2607
2521
2392
2052
2185
575
565
1009
1575
2510
2634
1522
247
1855
2375
2110
17
474
1183
473
539
2435
2865
579
630
1555
1393
929
1185
680
2837
368
971
492
307
1322
669
1484
1622
2049
2011
2977
2270
1280
2147
211
598
1792
1691
2443
1072
1576
425
2809
2551
459
62
2090
916
2061
435
1041
2277
441
1315
2247
1928
2740
2725
995
224
1213
271
2286
3223
2241
2424
3423
3163
831
1676
1291
2791
1942
1853
404
1387
589
2588
3229
359
893
483
2069
2154
3142
2699
1589
1869
161
3431
1609
1
213
1056
3182
3215
1511
3312
3731
1834
3101
2211
30
924
2810
3152
1529
188
3237
2850
2859
3466
482
1442
2145
1275
1817
973
2618
577
1222
1348
1417
1650
152
3607
636
577
3222
834
3544
2454
3572
2685
521
1049
188
311
1743
1147
3227
2059
2645
2382
2568
2507
2898
2188
3000
1326
416
1167
1523
2394
4043
3471
773
775
3975
1282
434
4060
2966
936
3330
2708
4229
755
139
1777
532
1675
3855
3520
3445
1432
2212
1784
2922
3840
1220
1519
2977
1264
956
1791
3973
995
4606
4202
1845
3005
3686
2441
164
1817
3494
2785
534
2780
2869
4199
4188
1206
1635
3044
4322
2627
4889
3005
1761
3922
3710
879
1418
917
1406
4267
3938
3881
3441
3637
1687
1056
4765
1757
4281
4717
4428
4886
393
3548
2499
1418
4610
4119
2270
3007
98
2618
4858
4699
3508
33
1955
4888
3279
1518
4789
2435
4220
2053
3246
4133
1909
3186
1179
1157
1414
2856
5212
3129
1568
175
955
3946
4411
4110
4593
4497
5234
3693
2223
3258
3680
1084
636
4665
3881
1109
278
2173
4142
3434
4821
3316
4073
3180
3560
5590
3378
1568
3955
1646
4642
4074
2688
4817
4779
572
3678
5520
4868
728
4278
4036
705
5009
788
4773
2484
1605
3080
1193
5017
390
1662
728
2722
673
5454
1474
1149
825
4848
2042
1031
5092
1182
3872
4012
1801
3921
5478
1165
4850
5536
6173
851
1462
5313
6169
2029
5493
4436
971
615
4574
3158
5250
468
4937
4362
5140
4661
262
469
1842
2457
4435
5143
850
2959
3941
2353
4203
6228
3321
4569
2783
6241
2906
491
2412
6460
5119
1712
3349
9
2377
3508
435
2371
4364
411
2525
2491
1953
4821
3621
1758
6336
1142
746
973
6184
6794
6699
3967
4544
541
2364
5332
5247
1024
5876
4344
5964
5433
4060
5653
1435
4012
1611
3650
5485
1205
6641
5596
1718
4613
2375
1890
5783
4166
4341
6066
1688
5679
2267
4438
4035
714
4606
6246
6651
5309
35
2552
990
4820
5991
2606
1088
5780
6797
5162
2663
685
779
2802
4315
899
1484
3694
4315
6493
6079
6261
704
7190
4906
2979
3454
622
2976
6439
1331
6900
3751
1307
5914
7289
3200
3771
2051
1950
1783
6440
362
6086
396
7024
1082
1704
3437
4653
1310
3009
257
2582
2177
3418
1341
3767
5168
3241
2998
6784
5168
4264
6487
6753
4282
6717
4748
4217
6614
4316
7826
2873
4896
2996
6372
1234
4817
6419
414
5355
2806
1990
5759
7788
3503
4631
708
427
2949
3998
142
6959
5899
1265
4686
4752
393
1491
1291
170
6338
1257
7192
7259
8053
7208
1287
6905
4592
7942
6629
2308
3157
6526
2411
4303
1419
126
7492
7376
1540
986
4352
6666
1842
5602
2408
7792
6336
638
3824
4540
5760
5130
4160
7010
4615
3993
8231
1069
5282
6618
5894
7932
412
7883
3905
229
4813
7029
7203
6387
7175
790
4073
3175
135
7970
5774
2695
190
2709
4807
3732
140
7110
4599
3852
3539
2983
7338
1750
4416
7718
8152
5077
6728
4626
8416
3630
5523
3005
5785
8388
3809
8607
4759
1156
7286
1543
6692
5661
1537
3460
5426
2637
6488
1090
7263
9184
2451
8764
6088
8851
2658
5162
906
647
2830
7077
9280
2705
8146
727
574
6439
2653
7538
2779
9178
3295
4252
7298
8526
9031
6451
6294
6845
3661
9478
5605
6556
7528
3412
4031
6411
4650
8898
417
6354
6199
7729
737
132
752
3366
4778
4871
4991
7105
5549
1966
1998
5053
7354
571
6198
8055
5089
1603
3712
4054
9478
6579
8997
937
5162
9223
9345
3920
8022
8149
7730
3666
7448
3820
961
6767
9580
5423
3288
4230
8698
1486
1217
3587
4641
2973
6830
4028
7890
496
1066
5324
7359
4974
4878
5714
10077
2422
392
10025
10173
233
7155
4088
9513
3444
1178
7136
2094
1510
8102
8642
5761
4783
4727
8671
1530
1204
5963
467
9698
1521
7478
5027
2277
645
4798
5712
7087
3623
1329
926
7832
7731
7295
9068
1163
3184
6262
7868
7118
2259
1484
6601
8018
8964
3905
4088
7150
781
3503
144
216
6201
2309
10520
157
4614
7719
4656
5738
5895
4469
468
4244
6617
3313
505
6320
5715
4045
3221
9298
1777
2424
2769
2546
9608
9059
1531
5732
4293
3048
10045
5194
7710
10184
859
10225
7471
2515
9501
2926
1012
1149
3194
5965
6419
1355
7432
10802
9449
6548
6747
8591
4057
1104
3249
1090
3111
8102
3148
6734
4426
3955
7252
7535
5755
1975
6508
8713
5795
11207
10366
10170
189
8946
1584
10292
3832
8684
5073
3302
10204
8993
1409
388
3160
8960
2808
11209
10949
3404
5061
5564
2372
7019
9130
1099
4303
9519
2025
4687
3253
313
5129
10632
7670
1399
4868
9604
5132
3681
123
2551
10979
663
10890
42
6506
3823
6675
3271
9452
3835
5621
5934
6977
5149
11092
8150
11549
8574
1373
1798
6469
6
8840
9755
5114
294
7903
6543
10565
10210
5654
659
5190
2550
2928
132
2441
6613
7644
6103
4042
2287
10841
6859
2744
4687
4005
7633
2757
1954
5796
2937
6181
3773
202
4976
9994
9494
5413
7593
10837
4400
3144
4469
3843
4078
6637
11688
8813
2400
1724
12297
85
9328
12550
7212
2812
2663
12164
1024
11829
7404
7178
3460
10137
3821
10635
5244
2571
11080
10075
2794
8686
2813
7908
11308
6871
12700
8011
4762
1424
728
6704
3854
980
2040
5077
10729
9247
8373
17
8888
2622
11482
11725
5466
2160
2567
6492
4395
11329
1178
4790
6355
2798
1791
2390
3743
4278
2051
9878
5168
12269
13024
4974
11166
9200
10271
10676
10108
12509
5599
11024
12963
9285
2
11255
13213
3041
2262
5436
10289
8014
8638
2186
2824
689
9125
3528
8071
4883
12802
13088
2752
5358
11255
3303
10119
2816
1159
7894
6537
1978
9910
8574
7574
8
6530
12763
9436
11494
7189
13612
223
6848
4629
7165
1286
92
1556
13691
1816
8156
4390
1588
10613
13005
10166
12393
9251
2324
2728
4707
2693
11309
13415
12011
2544
3807
2030
13724
788
1378
4623
11485
9633
5653
7588
12738
3349
2232
5156
10110
11245
6329
5845
6060
5760
475
3194
3259
8049
10539
602
4619
7509
6185
3328
6012
7626
10835
13477
4930
10155
3458
342
1250
11486
7752
4327
6587
4750
8344
7229
1625
10144
1477
13932
273
3309
9607
4457
14029
12742
11589
8966
10211
9234
985
13205
2526
8979
12840
14194
10737
8507
11760
7866
13953
3690
1219
34
668
11960
12894
5048
2525
6212
7905
12432
8958
14219
2673
5390
8504
4574
734
687
11944
12377
12543
2498
2888
7561
5414
14883
1853
12342
13321
11803
9414
4937
4174
6064
6822
5886
4132
2142
11702
5955
11554
14168
4830
5366
10969
9161
7527
11904
6343
6832
1570
14282
14062
14876
9365
2790
6547
3471
10642
1437
8033
12746
9970
13358
10654
11862
13121
8824
10448
3057
9336
11249
4548
13706
3068
6580
2160
1943
13674
13262
11257
4890
10996
13776
6626
11107
15099
13397
2094
2728
4001
6185
4155
7019
8620
11859
9875
10966
14674
12899
628
10983
262
11129
14289
13289
6098
4906
1780
806
1789
9925
10496
10832
14978
766
5589
927
488
14176
15064
9798
15364
1788
12938
9663
910
4265
10177
5402
15699
7851
15138
2005
9232
4002
12620
2126
12208
6835
4608
1131
3228
1634
10470
15641
7634
1390
4518
3472
15543
15764
25
3737
765
10485
10224
2432
174
3246
5126
2895
1097
5619
2374
1423
1989
3799
11999
5041
2586
509
2160
12736
13055
7229
4187
3374
14183
13240
14927
13965
9062
7824
11592
7467
14349
14649
2566
5959
10677
13132
10203
2968
5290
5586
14279
4988
3938
1597
3737
13115
12535
14947
13609
9315
3582
10280
7593
8326
7741
5984
1142
8587
11410
1448
6150
1792
330
9450
13084
1131
5703
13206
13433
1255
13670
14516
12097
13236
14658
14020
14751
6657
11870
7431
15497
15271
4090
1502
2216
9079
10319
11353
1640
3566
1993
8311
12943
4097
2190
7332
4760
8883
7811
11176
9634
8903
4424
13466
3275
15551
5924
13821
12969
16254
3966
517
11929
10359
1005
10787
3285
529
7600
16316
14127
6382
7825
14181
6767
11892
12794
9775
14300
3471
2265
17160
15663
10565
16574
7456
14353
13095
8039
4693
14606
14732
13175
4998
2366
4311
15542
8996
11174
9226
14761
9074
3622
15617
5612
11582
14988
8161
16167
7616
3257
2426
16793
12904
8447
14970
8737
7314
7405
8131
7947
14597
10104
9597
9162
4795
2130
6172
4020
17000
15833
1810
2568
767
8211
17470
16718
15374
12065
8104
15369
12714
5613
6394
4606
9757
11210
15507
2420
14599
7019
15023
650
2470
16508
1224
3135
2280
16819
15985
15034
9428
1613
15911
8529
13752
8877
640
13858
16290
3942
4720
11946
4907
5513
18130
359
10379
14540
10774
6375
17366
14902
1173
10026
4712
3004
10620
12028
14425
17575
723
14640
13436
2287
8727
17824
17092
15117
3022
5678
15370
11844
7118
6488
4301
17497
9772
6875
14358
11167
10900
10570
16090
16706
17330
18080
2101
9483
18702
5332
8859
5043
2856
10738
6274
4253
14663
1469
5681
18597
15901
3456
16504
18164
48
15467
16479
7392
7281
3707
7438
16910
14043
12923
10877
1631
6104
3087
19018
9619
11561
14686
10962
18937
11647
8598
439
4517
11078
701
1354
10535
13455
5876
4467
16986
18607
9900
15456
5694
9004
6559
3729
1227
9260
7425
12643
14377
16506
6421
2562
14834
6645
17345
9731
13506
10183
5331
5070
15527
5355
10916
8875
13269
17245
7688
17849
4046
4184
14691
2829
11039
17550
9499
12959
872
4405
8901
18009
11116
12560
12061
12957
17237
15703
3512
7297
5380
581
14102
7309
8771
7755
1851
18686
19465
19607
4087
3451
8631
2193
3276
7814
10448
1473
9111
11418
17288
1286
1106
18962
7908
11221
7008
2253
19248
10279
10565
17195
15749
7265
3685
7994
8575
16288
15204
15886
3813
17144
4496
15402
3666
15493
11245
15854
17168
914
1897
3369
4410
14128
12708
8450
18254
12215
15606
6933
17039
8516
19478
1828
20281
2440
4834
4957
13709
14619
5752
6288
4401
7860
14528
5388
17620
11306
10579
19297
11886
17335
9520
15781
7080
4305
171
6148
18031
10669
12296
17052
8629
11730
14101
1013
20212
19571
17245
11535
17447
17544
19525
5079
8035
13900
6613
17650
9729
15571
8428
7978
16523
19977
13790
6742
11981
20596
20313
82
6535
8274
3200
12272
18434
9921
1508
20218
18707
9564
10570
16824
8512
6142
20229
18658
14812
17493
2361
14791
16983
15359
8191
3034
10331
15052
2403
5176
8763
12781
2369
14205
18395
12907
12891
16179
10027
656
8468
5906
7148
1340
7509
13424
15994
10270
17042
19093
9639
9437
12609
77
15014
15261
1970
19737
13957
8904
2893
3064
11995
17822
4481
8695
5619
8145
8258
13198
9856
16149
12497
4772
3860
20488
15852
379
2369
12497
12790
12758
1349
4713
16269
16141
9564
2999
21693
543
2718
11032
15378
10873
1518
20920
19406
177
7291
12364
6942
5654
17787
10758
15853
2644
2625
895
20915
7973
18328
5542
5324
20916
7863
13619
7340
1424
3391
7632
21523
6797
18883
9050
4340
20743
9542
14860
6694
1731
9357
2119
19503
4654
13636
12497
14890
22126
7911
11363
13048
21681
16011
18889
5487
6793
17852
12374
12312
16274
14878
14717
9119
14553
15327
7738
1362
1332
11257
18108
21465
16137
14092
21700
4044
19212
19896
11233
9448
8967
5572
14805
17518
21966
7723
12907
20691
17961
16513
13157
11681
19031
953
58
7535
22282
12572
15773
7432
16883
11004
18543
4144
12406
13077
16640
8156
15578
21111
3244
8020
357
1145
3782
3189
20441
18485
19829
2808
19926
4052
539
5382
6537
6033
15010
10875
4251
19331
2981
7386
15470
7732
13407
4752
4327
7014
1994
5226
16411
4565
241
15891
6324
19893
21695
10342
5110
12625
22868
18172
17657
20874
9209
19131
12174
946
6221
21458
2367
14871
16867
7839
23150
10309
10524
12475
3953
1398
15489
14816
21011
23496
889
22668
15369
747
9650
22275
20535
15539
23168
2903
15134
9280
13369
21570
12442
12872
11993
6473
2424
8392
17014
998
6354
18956
1119
20089
296
14035
21777
3596
1726
3613
22229
16596
460
12270
7082
14009
18110
7925
22989
12551
21895
18568
1824
5763
15602
13903
9173
2332
13717
10741
147
11860
9195
19471
7891
19381
15710
22684
20705
18355
20181
21898
9549
13290
19486
10904
20553
19256
7941
2648
12924
20883
19114
16429
11664
1144
12636
5292
21061
17530
10979
4073
1058
5761
11865
14271
10946
23233
24221
13322
23990
24159
21130
2866
7817
24010
23947
6485
3472
18425
20922
16291
329
8345
4019
18702
14571
20506
9025
14123
16676
14790
13195
4456
2189
22712
5077
22654
2542
6965
1769
9428
24340
6252
5724
15324
21811
23993
9465
5898
23111
17570
15555
2492
8775
20904
6844
10592
15354
5290
14482
2211
11531
6786
16942
862
7451
7271
22951
5486
22911
12878
2000
8254
14633
12822
20695
20445
9540
15016
10809
17171
20774
5266
19795
22692
14406
22973
19494
13723
11016
16503
20850
5296
17797
12051
12280
5492
22956
23244
6346
984
6668
19555
1114
21081
6464
1402
17130
9887
24141
16087
17755
21246
24652
17111
5765
15664
18714
18715
11455
12990
10127
20007
6130
3908
22982
24789
24187
18463
4157
17107
24319
14294
8550
24305
14733
5118
20864
21184
22751
14349
8223
12032
21729
14572
18869
4979
24767
2960
2296
22430
13996
12156
10109
24691
19460
7495
18590
14920
21204
20910
494
4514
2286
1915
18285
4057
24972
12123
15118
20532
9526
4092
7631
15817
11217
19589
13332
14721
13121
23949
17383
6404
785
25914
18846
12434
5069
16723
21143
21984
8672
4914
15486
11654
18098
9911
17
11964
19260
1800
23415
16159
14916
26004
2712
6638
15329
16132
25479
11330
6322
6498
24122
19035
26505
6128
4277
16522
25090
25539
7334
21148
14671
3201
21411
9173
921
23595
4266
2350
594
22978
25900
2770
14049
4765
24350
15101
2520
10476
25733
12530
15722
10432
22035
26491
4106
14271
7839
6183
20814
18462
1130
8197
9296
11129
25093
12778
25376
11319
22728
20334
8372
21960
26770
6774
15394
7355
13860
10184
6744
10431
4716
17855
22602
18094
10842
2729
18438
10000
123
11856
10317
678
4181
26943
14619
24534
17181
18225
4804
18419
17313
19743
4339
16648
1917
24267
11319
12165
24978
57
13640
23739
2483
8700
20112
3364
17118
3197
22519
9751
21938
3549
24538
21926
9589
27053
12383
25775
19461
12522
12687
7599
15203
6812
3795
27014
1405
13596
12768
14595
12758
8665
1590
4953
8251
46
6706
26767
11055
5194
1633
8932
6100
5085
7674
19308
24265
21693
27809
9707
9076
16958
20719
15063
23656
23711
4967
22638
14526
26827
576
17822
5535
14187
26164
24219
24687
15794
7426
10921
12244
2891
11365
18407
12594
16700
28189
668
13746
18553
19513
11897
15578
23874
3020
21352
14762
14465
9337
16870
13804
23043
26802
13594
10296
21186
6568
270
850
8772
13613
19437
12110
9956
27631
12001
25044
10814
3756
1492
13042
12137
24662
2429
23255
7509
20190
13590
3653
13740
25575
2306
10187
21361
20276
20806
3893
15057
9527
12298
28727
11291
1765
27548
1550
20829
19586
15412
26936
21114
3972
21228
6052
14257
3734
20269
12723
28488
3048
21931
2968
4087
23075
4563
26163
10046
628
15955
18662
4648
23412
22475
16348
25409
3438
18463
6295
438
2872
18491
21921
13556
6246
11153
3701
22330
27591
6941
9755
27893
4122
16897
14366
16769
23845
23129
18000
17639
20748
19315
8812
905
22055
15877
3626
10946
3777
26013
8623
12287
3858
7589
10846
27519
17722
21913
2204
5586
27112
11269
24152
6520
14356
4551
24712
9450
409
19406
25199
10072
26667
6776
17984
2013
8396
14703
10202
10002
1678
20173
13898
15522
363
4370
10712
28707
13841
27941
9238
14107
18231
14141
20704
21263
14200
4770
19765
12565
10862
4442
6351
18009
12470
6230
270
17538
10080
9196
2945
8091
26830
17086
24436
26747
24554
25312
20088
12123
697
6667
17974
7298
2373
8314
16031
28663
17833
8953
12316
25141
5345
10369
15218
17544
14194
24129
14567
14054
13708
28362
20760
30311
26039
15899
13599
11985
157
7892
6446
20840
24500
12197
28440
19986
24160
25458
6179
1366
8696
22468
7382
4179
23005
21479
22347
3233
13453
6794
124
13074
16297
6836
8249
13612
29923
18017
25617
16861
22783
1497
23864
18258
17753
1606
11304
1395
26454
7856
22232
30645
11568
522
28016
3633
2180
2190
23703
5753
54
17591
20841
27313
18661
13056
16677
15949
17487
27129
22521
1365
12223
20021
23623
8375
29293
17579
12772
28547
21296
29376
9550
2333
26426
30279
10157
25208
17282
20612
1301
29039
18305
20913
26929
17184
567
28206
19259
24775
21011
17302
17723
16404
30788
20400
24747
21141
28830
31471
2620
25389
9761
16182
8900
1646
19976
8548
12126
5035
24718
21983
2207
5666
10889
3237
29464
26788
12100
23718
20038
16941
5504
6049
27974
18390
14096
10895
13817
5291
31621
8529
15804
29844
15998
3334
3823
11783
28620
2291
613
16727
20761
1208
24589
7458
956
27873
29485
9640
28350
12483
5800
24741
9711
29209
31838
9640
22378
9384
15356
1717
11145
18585
25442
29332
17789
10553
15145
2978
28554
16076
6758
350
17131
27377
911
26283
3074
27972
6623
5112
26428
23631
24013
25896
28145
21747
13340
28319
20426
28365
23470
4783
7861
15362
3512
7621
8861
8704
32339
25213
8598
9100
27889
13409
18062
28093
5580
28375
7384
24199
4260
13226
20574
14007
14105
14794
21979
11415
11345
7464
6048
17498
25975
12452
27975
19431
23966
1469
4561
13895
16727
4144
16662
20322
18052
3892
19545
25658
8431
13714
2773
29396
19052
2235
21621
31600
12013
25753
10230
3738
22885
15132
12599
8055
7423
10276
3803
32013
29007
6414
1459
27085
27244
4400
30161
27627
12156
13028
32116
8358
13524
18319
26149
8896
5553
3808
9286
33291
30875
12287
18124
32587
23339
13774
14583
1872
10006
25860
13905
15486
27541
9333
26632
2926
15540
27441
28603
10753
31119
6495
30275
5383
22038
24817
4080
25438
18462
30463
31205
6643
17551
12523
10776
15911
21050
605
28855
5338
3106
6358
6521
27972
3531
5267
23787
28453
22225
22496
30352
33850
28545
24338
9639
7575
7954
28638
23673
23821
9696
25051
11852
24637
29753
17678
8288
22768
28121
3070
18258
7354
30898
22822
80
26270
11516
10706
1296
2714
11496
212
22909
32105
22791
2159
16039
16255
7336
32497
27837
4062
25667
31326
11499
22054
3716
12711
30524
1271
7125
20020
5778
34262
9852
27932
28992
12723
277
5388
26724
17165
33235
4773
23226
8963
17763
14838
7473
16780
4751
29024
16255
25426
24277
32883
5021
3507
23833
27084
3914
33527
586
10656
23104
6440
12586
19496
4655
31666
34501
1952
24079
22806
1224
28565
30382
21593
4314
8375
4441
10757
6832
9016
11842
4815
22801
21769
17807
30127
28978
30049
20000
9263
16845
18555
13485
21539
17800
25644
23672
15241
30138
8132
29122
12087
28955
21940
33154
5276
24030
19627
10899
8988
6173
16519
16388
17905
25449
6831
24204
21472
18631
16344
24478
12350
33397
24335
20679
15450
10381
11399
6774
21068
26034
24152
35296
31221
14323
35216
20192
17687
13289
34129
16470
26335
35364
7466
13628
11129
15069
29511
10211
28329
15297
30646
9373
11148
7581
16229
16794
28673
27037
14208
17821
5897
19182
5318
17182
31559
4764
28350
10011
11298
15332
19404
1599
5952
17776
19517
7960
28877
33844
1741
13449
33913
10453
19715
10348
9163
29887
14410
4064
28298
22097
16584
20404
26312
8556
25865
26317
25965
34761
17480
5257
5006
14040
9179
33483
35497
747
18452
14483
25227
21862
18815
35143
3061
30412
5260
5544
1203
2030
14463
13780
18398
30416
33537
18694
23726
11922
22389
8658
1182
18447
16943
4099
28770
26317
13588
11468
31453
12360
4383
14913
5042
23308
8477
10188
9852
26303
25889
13960
23864
10207
27665
20585
29628
33533
1265
6804
21630
36159
881
16896
16035
2175
19713
18740
10765
1409
20394
35294
19191
7103
18782
17040
32405
8401
34680
23784
2387
33851
34990
21905
31157
1604
4750
2267
21437
22421
21469
33050
6605
7191
18978
20521
15159
4213
25511
19148
3359
29938
28741
5793
8558
32777
32097
34580
14710
24030
31399
16499
6726
34064
18100
17117
19355
24262
11251
10650
32717
16192
6615
13103
5716
14615
30425
7181
26206
16133
20827
15388
32947
26346
13700
10975
5751
18095
2620
14794
6204
21435
1191
13174
24466
6986
14551
15590
3454
17626
24722
11576
13708
35612
12127
19618
1126
16441
1920
16894
30799
26563
17290
20902
25735
8480
18313
13951
37385
23746
15377
26138
19151
34557
16824
16587
25011
4547
27234
13218
1891
1668
8980
17903
2871
32135
12091
3852
19660
30899
18668
36961
22166
14308
35639
2013
28485
2003
3677
3971
16314
18595
3768
23407
9906
23490
37642
23723
34873
19727
23642
33622
3837
17772
24426
4489
35322
19976
38026
33844
7905
32305
19354
1964
16013
23886
37583
14583
21370
20957
21628
31370
32380
31654
10783
625
32742
18243
12196
23125
19763
36625
809
24884
27249
14725
2921
33013
31467
31916
22117
23392
27651
8117
16507
12318
24407
20193
36098
33278
36599
6646
10360
32532
4952
619
5537
30322
30050
18439
1465
7375
28594
37884
21533
34086
38537
12270
9807
7606
29775
6469
20479
21775
14637
6646
22590
5435
31102
35994
23823
10800
22654
23650
20452
29245
34275
10629
26916
2771
7570
8026
30097
38324
33048
5653
501
33073
13167
35345
38656
31198
11232
6823
34573
15948
26413
33674
25990
22661
18255
9119
12499
2206
10190
17861
5664
12631
7257
21758
35590
33818
37612
25082
34439
36737
5908
14031
3307
18647
33590
5458
9097
33402
33137
3321
33695
16186
20223
5020
29915
18301
31282
28331
14310
4340
4513
12251
7426
6791
3911
27374
20160
10018
5436
29931
17205
34639
36672
16661
4661
33011
26863
30713
38885
15684
7237
36371
34376
29355
9449
26526
12641
29704
6493
16770
23102
24098
26200
12841
27516
6151
10894
2810
24620
9907
19898
3980
32071
13443
3710
4677
16734
21036
27977
3230
22154
15522
17529
34850
38944
22679
11852
20277
5232
2834
24671
32333
6833
9490
29128
17634
25269
1528
19682
21739
9787
39692
10690
4085
19671
30866
17062
2617
32779
21165
17433
23875
35371
17103
6213
19718
13508
35756
321
20860
25905
24015
8736
4518
30963
6159
21285
38718
27878
27031
25854
25306
1818
28997
10048
34333
10920
13681
4095
35314
34625
13448
10421
33595
31343
7122
30281
17739
38112
30614
3511
9868
776
30017
6629
3653
25493
26024
16605
29364
7987
25713
27090
11950
14900
4460
14981
8677
28476
37005
16927
35884
31956
29009
40776
11611
23695
19803
30656
541
13498
26960
22484
21495
30055
29535
20291
32439
23375
5261
23439
33655
33815
3372
6376
26018
39734
18526
21408
22364
27315
9808
40600
17086
9579
29701
986
28102
9705
10798
21844
23574
4988
10991
4887
106
19558
8601
25753
27709
37283
22056
27644
7799
14112
17875
35199
31356
25662
8744
12439
38890
14876
13045
13865
41417
37388
40579
7449
14418
9289
20988
8950
27872
5059
34220
25769
7823
33033
23337
4148
3981
31683
32863
34105
25463
3189
35479
33211
6903
7711
30970
10736
15949
17403
19543
21876
38683
8357
20953
2895
29458
13705
28712
41512
21956
32491
10098
24625
12130
18093
33679
33740
42018
9426
35930
8156
34635
18
28721
28628
20354
34021
10326
20892
17517
8208
16699
39775
23633
12772
27266
31926
15192
16604
22475
4391
25756
20998
7344
9926
22368
7473
38759
18941
40037
37554
19790
32621
22664
36619
14279
31503
748
16356
5937
23146
4514
21711
23603
16048
27047
15159
9160
19230
17884
37761
21902
15708
26823
3855
11519
38306
24969
15035
14689
17986
34739
19735
34565
32171
5634
28272
5072
42705
37005
8331
12541
10998
4033
34440
3752
18053
14972
33948
13899
2421
33231
24483
22838
14790
11000
36096
3586
33832
14564
32255
3890
39288
32341
30309
25757
35207
5943
18441
26900
37728
25020
2018
4670
5351
33562
22
13926
19196
41271
18351
8625
29880
31826
8694
28983
28928
31942
41957
38412
29838
32913
29135
2241
40033
33934
23520
28615
15795
30566
21483
31211
32613
13661
29694
42678
18710
4133
38373
290
37234
34148
41473
18525
33450
28060
18103
19172
37144
26084
18911
41288
29678
405
12370
26254
30102
21460
21504
10811
20979
40655
36113
17298
17842
21904
5180
20337
27156
32952
5654
35104
26197
2487
42747
19455
31540
6756
23663
13208
23048
15358
9973
25878
3895
4719
9527
31844
43626
15336
27012
18978
28174
11940
15628
38954
26308
40870
1367
36966
2488
10364
28103
11408
40111
1873
1829
42941
9092
1715
22778
26343
17467
39092
32780
21561
19769
26139
29060
14473
34992
26924
10864
21091
10388
10263
28426
9341
13712
15208
13294
16890
28039
24192
928
20522
23554
1950
17651
39785
32185
7563
5682
37987
15039
13818
25809
35880
21819
43153
31075
28793
36647
2312
27523
39200
37991
26455
31473
39406
41581
34898
31800
12018
21680
16851
17797
14816
36947
27875
26103
11267
4588
39474
28475
28739
33433
32139
16057
31013
1055
44271
5521
23982
2983
11137
15145
39354
5598
40123
1188
3514
321
35854
583
21325
33797
20111
37901
14301
12199
40076
78
31724
31760
22581
37271
41826
7688
10913
16990
3807
14513
24062
98
2463
19257
44194
32275
21247
4734
7441
43879
41646
27795
23857
24396
20294
27403
10166
34485
37831
22324
35177
1498
20480
27348
30226
17649
9088
32970
10801
39698
25450
20558
36202
45592
17713
7700
848
40247
28694
24811
40815
19757
41742
1524
42486
28522
7250
34375
37775
17647
5692
24962
19545
17975
41208
17069
10027
10276
40609
805
42226
7101
25001
37530
765
32551
34093
29274
16461
4176
3505
8890
10825
39577
8005
27437
869
18780
38069
2131
9441
40452
24649
4708
2912
3272
6044
16493
17698
21348
26449
28964
10304
33785
35479
44114
31629
38918
21840
19696
7682
39709
11828
5063
25295
2942
28437
38539
12511
38178
37215
17593
44888
26903
19652
38594
19727
26456
25539
35537
35189
36340
17609
36605
9719
19573
36426
24238
21504
45858
41792
4149
2870
36026
26690
3212
1510
34199
34744
34075
28372
1492
9519
22286
12453
1646
13967
353
20583
18627
38690
27750
2615
17945
3298
12242
28951
36141
30669
4342
32703
7161
46758
45310
25286
39027
29820
9035
5570
37174
42406
46648
12082
22189
46093
23688
20174
27638
33251
9806
46385
39706
44877
46703
37436
30639
12348
16132
3488
39425
39152
21793
7874
35258
4950
9042
21768
11856
33117
34573
5010
4081
22434
16892
25385
40535
45596
25860
42125
26581
44453
799
16147
39883
3146
41386
4487
4889
38122
25779
16356
25666
26113
38634
10654
14919
42469
15878
27074
38362
19523
21367
4624
13090
41528
25777
45339
15021
5974
28484
19293
43081
28638
16889
44044
44094
37273
15468
47665
29395
22420
24087
23247
32670
46971
42029
43717
8858
43733
9218
36565
29279
19761
45634
17458
6394
29999
20302
8188
10512
13279
34674
27140
12650
19128
16336
7952
45706
28190
11092
47778
38793
3004
32468
39121
24417
22041
42162
19333
29826
12954
21495
23761
7380
45721
8790
25225
30297
7674
286
28423
47127
27538
16275
8461
21709
46197
7628
410
19898
1338
20716
13382
31212
18868
28881
42219
25377
14484
25499
32747
35647
30707
1064
5993
44330
33926
14283
38735
44295
33336
22215
2698
39091
4210
33084
21270
32066
38299
39917
7947
27606
32124
45169
20998
44685
30342
10442
28040
19949
13729
29786
34300
2897
27772
11896
44599
33576
2497
11028
33755
4694
18333
19911
40947
39426
30058
5594
1532
9739
39133
30749
5965
20121
39709
48079
26989
45763
4361
41682
3893
18346
19684
17965
46275
31362
28436
23678
35938
677
44035
48659
35202
473
46121
27182
31919
46208
46283
39777
46368
47958
22708
30070
7431
7836
1779
5469
6620
36091
47593
16593
1592
9376
22780
46930
27630
5778
18104
29561
33578
45429
43560
25384
25599
21943
30656
11483
11293
7939
43449
7109
9852
13431
30216
16250
6523
981
27024
39215
1036
24186
5907
24557
49049
19254
22628
39722
25208
29101
2849
46215
31467
30555
48274
34376
40003
27892
2832
3792
5881
12028
44158
19620
30890
35080
14048
21307
31149
44546
42485
45192
14037
13374
36379
20434
43301
29881
42841
5081
13035
25410
27878
26478
6012
39858
50012
31274
3457
13832
32905
33221
1162
11651
14709
31161
35941
31016
8099
7382
11372
1188
11924
41263
36168
1941
32011
25113
23981
6591
42765
46973
8869
3027
42725
29719
39216
33167
44452
3695
44858
40189
10713
49001
33315
38728
9053
2494
24669
20939
42686
19423
33668
38837
20070
9665
45039
18386
50508
42391
49902
37001
42520
15289
11071
14112
16981
38773
33952
35521
50152
11700
36099
1119
24980
38965
26679
13440
4627
11266
43851
21180
6331
10518
15166
689
2248
50938
10936
23518
15332
28551
13721
25886
46250
8750
50087
2502
14007
4752
34260
19164
29929
1248
48132
16944
46090
47688
36531
36788
18456
22785
21518
14655
35031
17419
10295
24791
14450
21797
7768
5427
17948
49025
13111
6039
41620
12657
34494
1849
16977
8773
43322
9023
32649
34944
29949
42079
42767
47288
10497
15585
1223
29167
29010
50741
20631
24788
10739
3611
18883
25320
17934
8039
9029
49027
23003
37172
33290
7039
8911
31763
41594
17930
26407
450
34334
9110
42013
25856
49055
24676
13694
123
25650
21841
4391
2383
33073
34447
45554
29939
7768
11683
37879
36137
7878
8275
4782
38163
22121
31014
12688
14875
32473
19103
30553
47384
9474
13534
24754
36767
37365
20962
12146
15622
20866
38791
17270
47167
34247
7750
31652
22443
8600
40992
16650
2914
1714
41465
31077
43881
178
33146
29745
30400
17885
8739
13336
47794
609
38515
30053
4156
7715
46204
47342
8615
20318
43783
10197
28348
24072
21245
50464
24625
13985
50861
10946
43138
51869
33148
40646
18133
27700
31452
43077
21925
1842
42632
6806
24286
35591
24099
37577
40005
4235
35552
52292
8200
2562
18425
14305
26868
25544
39244
21313
8344
8446
24099
25
42661
19130
37458
32497
8756
9104
37517
1378
43821
24419
7743
42442
13900
4892
16904
9903
25270
1798
41146
24884
51318
1849
10376
12076
48073
50800
21632
44167
27490
43994
33749
2730
15703
6687
22713
10995
49016
9200
8834
212
41112
49252
12544
48943
25310
6624
18578
23774
52922
18010
28763
52469
28844
25002
12550
37300
16268
45058
40663
201
39887
8232
8224
35295
45087
6410
12543
10508
41372
11063
5869
31301
35402
1657
25500
1577
2070
37060
37561
5387
46764
35100
17676
27794
11410
4087
9788
27675
43420
9338
35955
25242
21277
3757
19989
53127
50231
34317
4207
39540
14257
38048
8004
6772
28486
20661
3225
21084
22487
53658
43372
4435
52252
39741
34025
40645
47914
35525
28374
38234
48220
38140
39467
42899
26370
41385
16670
22741
2927
4425
45190
28627
26364
29504
4730
5808
4363
30438
43328
43417
14517
7342
150
34099
12366
7136
33982
49114
33077
31256
54312
40552
27763
28637
11992
27113
2695
21594
1302
18506
38337
19526
8532
47160
32732
15162
38064
1521
49451
23969
33567
8199
46817
16535
54341
51723
19371
13513
10757
33294
41227
3813
33074
280
11012
44439
10165
18179
8936
29091
10098
53602
43543
24896
7210
2104
25385
3708
12677
54002
32993
54711
35893
43632
41974
25962
38586
20390
28308
3754
39928
39143
44955
53751
45180
52817
16505
3687
45522
23840
14546
45042
16194
26555
31808
45312
33514
41911
30208
14882
45599
27276
43249
42507
14386
9068
50591
51009
29467
34636
18559
51543
6946
43595
7430
45522
1205
14324
53476
3638
45380
40839
35908
30067
10212
4721
3619
5190
5926
10653
44733
51847
3732
30990
18955
53171
32831
49363
24928
32792
39133
50749
9496
31884
22264
23142
38597
9117
18550
28232
11512
24065
20041
1624
6619
30071
8778
39444
37434
45178
22654
39256
13912
42908
13378
54625
31370
9693
33158
40571
43864
23900
44874
25445
7288
45668
10239
35338
5852
32358
33522
843
18020
38578
18666
17186
12244
4969
36567
39680
20173
9055
30646
31148
41178
45694
27234
395
27460
22458
56109
15173
14314
44466
11322
30733
45240
16014
29521
46703
46363
54642
35366
46090
28671
33558
27854
53600
25504
45049
19795
18174
45041
47224
3271
12303
29246
24943
30607
16804
39538
51739
53291
18098
45218
49679
11179
45109
46942
8685
3136
6473
8410
46231
17812
19789
49815
18692
39985
2376
31697
29417
44949
1854
25120
37892
46000
34617
35091
29858
15878
42316
15459
25562
10142
37301
9284
17258
31930
35439
3408
6318
48092
47066
3354
29444
37678
38701
19948
5163
20752
3976
15514
30141
50418
41777
19613
3523
55508
47005
53532
18176
29296
2265
33557
49306
9740
13586
49551
31506
21411
35709
38696
43269
24007
52187
5409
54637
6800
20790
10673
29034
41006
49448
51515
43264
30398
12183
55827
27380
8336
44264
52493
37436
49518
49935
30189
12979
7946
33863
7080
23211
26278
34537
46205
18400
19262
1444
36460
39861
190
18253
53816
20513
23125
15687
41970
51884
18566
55222
19576
46616
6775
14433
50033
15701
19825
27505
49100
15464
35951
19709
41142
6025
22614
9568
47385
49125
12935
54775
10785
48234
810
37381
7304
55762
21372
43651
47645
32665
13153
30803
35858
42483
39828
57938
26419
44150
46381
34167
15198
14007
51435
54790
4233
43025
35027
9000
49249
55646
440
14060
24139
4929
53341
49780
32496
2596
20551
43672
32016
57271
9695
12963
24432
27063
27175
34808
39041
15314
36676
13104
45036
8022
24512
29249
51611
11238
27883
55425
47671
20029
20686
17463
37600
46494
7905
52213
37164
8891
44324
34004
4393
33237
4753
31983
24411
46373
56119
42649
36002
50877
5302
2386
55782
30982
5726
48765
44841
20216
7960
53484
58503
35244
11313
40567
20750
12416
23833
32037
37363
37393
11453
6745
57706
29043
33543
48602
3320
51977
3838
23602
54432
29833
22973
8631
8234
41639
32900
14329
58299
6384
38892
15910
15639
5141
31565
43735
37391
37444
37051
32396
12262
24145
14532
8441
36817
31990
3839
2443
3724
20781
2412
13381
20832
8582
12153
16007
12002
52437
38647
54094
30048
4168
42297
15577
6704
8335
31986
1946
45732
56635
29145
28499
35951
4831
31222
29256
40558
51180
25483
30034
38266
26883
43109
46544
27335
6063
6139
48364
59627
47889
24368
15678
3993
7195
44010
22297
38829
6416
16714
5264
53965
1112
11069
21327
37576
28955
11588
41947
32496
14150
52927
12358
19961
2151
54707
15687
49528
12938
52578
25988
41034
12673
45763
45115
11809
40902
33560
59244
37361
45852
22740
42274
23423
54450
19707
59963
42226
21250
23337
39262
25704
5949
48898
18126
7961
3575
15122
50186
6306
30407
33135
51134
15376
34221
47484
26912
5235
10524
14612
51602
24977
31573
50367
48929
4225
14903
27616
19864
29065
17220
37090
21497
12605
42881
7690
12297
1004
32273
49229
52195
6534
10890
21650
39043
40842
3188
41980
33527
46122
60079
55672
35860
39153
23557
46535
41232
33435
37924
13474
10724
53808
13093
26235
21909
3690
43706
29375
16487
43671
34266
40798
34367
39947
36820
2693
33600
58976
55003
24413
14425
42548
23993
42907
53360
13085
40373
27376
58556
19800
50228
29718
23682
11981
53346
36466
55534
30815
3354
1532
2122
34639
23066
45826
33140
571
52618
55498
49503
53398
8298
27913
6454
15331
35920
33397
46363
10825
30505
46556
48577
18879
56519
39932
40062
50501
15505
42940
35075
18195
24232
43164
60516
50949
38129
53351
37222
56907
14205
54920
22294
44563
17586
22604
18967
42060
6101
37237
19450
35761
37581
44679
19552
60680
11960
45591
39846
21868
22584
36608
48043
3356
10484
35989
10542
20605
8652
31536
14558
34631
32041
34386
59080
18990
21731
38980
44177
39377
37445
37552
11422
2350
34109
53802
43223
24527
36539
42566
31517
60883
51100
44103
20432
58045
33159
16027
10208
54165
18202
22142
6162
47909
27263
12261
43833
61782
51129
44587
31261
18741
15016
56627
35443
56211
12950
2242
13080
39555
21932
54892
6212
10695
39976
14338
4764
39242
32736
31436
61647
34821
34890
56798
48795
44240
231
46675
37104
57485
7192
19128
17310
59545
15552
61153
54678
48585
8939
42097
53676
28635
34491
40640
1105
29012
55293
17314
4905
41616
42934
41032
19918
19863
40807
16303
54200
34602
28229
50442
35187
36408
55704
49876
18467
118
4371
34829
59789
3844
55948
13592
61626
9008
42933
14569
47873
28730
34341
52390
27975
2140
7368
44202
15529
59763
44413
7559
26324
19145
21515
29456
13062
54256
23158
61607
44775
49971
8718
57238
41280
26313
13497
9289
36581
2876
49931
13974
17301
38864
52260
9615
25699
20673
5541
8667
34006
45090
35358
39540
6933
30703
15947
55576
39692
57706
50749
36635
42242
63086
25174
3813
49156
23845
39113
32812
35703
6039
57565
31308
44435
41248
39801
32035
63573
12170
3819
34945
27972
3283
16124
4778
14637
48731
34601
12522
55009
12255
28092
51148
41283
33693
55256
24870
6143
9686
32301
33467
54561
39023
796
63155
1277
2671
32098
43693
12312
32668
50707
25180
42431
24130
30613
54787
39455
9771
53989
22607
54537
1971
16975
57271
58944
7353
22499
61181
37451
13227
19700
33397
19739
9904
3709
44582
18439
17814
14647
2448
9436
46918
14436
57222
20175
11764
46850
7206
18652
39921
49295
17839
26229
56886
26588
34793
53753
47040
23444
42612
30650
25375
52243
46924
39413
7579
44584
44625
22043
584
2780
54545
49287
35985
54875
16878
60740
34827
51832
60188
24230
16640
59590
64084
21862
40023
36175
8962
34819
16110
31990
64485
20441
23310
33222
15240
21533
61358
36521
56146
14735
31724
38529
46425
6623
14189
38537
2588
49903
36439
15911
41359
19440
18412
4430
28526
52229
42875
45492
17790
60633
51706
32120
31193
29477
43019
13562
27494
56250
29851
9024
63069
54572
32666
44117
44034
22528
36317
20786
58020
61335
33183
51279
54604
59722
52982
52091
33394
1331
15157
41356
5919
49181
60996
48485
45373
36001
33686
64714
52088
32378
61207
11067
40597
30741
1568
22467
20356
34938
31567
932
26715
15669
6962
32161
1388
65372
45059
62344
15962
59730
13896
13324
26403
36672
64133
39701
19485
54513
42264
21326
18125
33563
61752
375
50346
40309
55423
47177
18229
39975
64970
64128
29462
19241
44500
15938
60386
59491
25796
40182
11539
2836
31893
8913
21537
53811
15756
19882
64822
37112
34891
45307
18961
15065
54456
45839
4025
32033
4949
17958
19084
11189
14396
4455
28396
7749
6013
35173
21705
20439
41004
18806
21188
31294
23101
54282
8189
19109
35089
48650
30609
21144
36929
48463
43856
6348
52651
42098
3561
62313
12162
15942
43375
29785
30171
27141
19743
8920
63819
56878
48131
63928
60720
42303
47025
23181
59188
65159
35676
19029
5749
18187
22347
19701
42765
14862
21203
25887
26031
58866
27202
3899
34356
46944
5896
57974
18839
62473
65984
20229
29131
23904
28517
36826
47428
30010
48885
58743
17264
66405
19151
36671
3887
63838
57437
14770
35314
17422
10182
36744
17768
11881
36553
3419
39126
17571
18028
30449
37427
47508
45481
51667
17232
26539
34335
62043
35790
57405
11212
26298
50123
44449
43050
67210
29578
55701
43378
1978
65769
65732
22694
65052
20137
6879
44016
7911
53959
46825
40194
18909
53939
59502
23658
3451
10686
30170
56359
28916
41458
53423
58161
57993
26567
31794
32633
37724
33073
802
24778
12400
13554
53995
40350
24571
27919
5173
54638
67049
14082
54283
48941
45634
33652
46430
15996
20638
34913
44339
21680
14799
359
18797
13306
44475
34082
39968
67627
30593
42376
65257
19371
7222
52943
17993
34410
23705
4256
37758
19147
21285
50000
55696
47812
29200
14921
27211
3062
44666
58257
24016
753
67945
23009
20221
34807
53452
55856
51605
41704
59818
45036
56462
30377
3184
61570
38386
58243
27086
57929
47212
31043
18543
58079
57205
66752
37991
61725
26105
64257
62361
31439
26284
14403
9444
20317
57715
63825
23213
53137
7329
38017
52094
18534
2720
57194
52307
51782
63294
35617
5192
27109
5735
13760
50987
37279
35232
32425
28654
32818
67552
31833
5257
51012
57609
36363
9632
49145
8033
184
31488
48409
31925
29229
50332
46583
67325
48928
13336
24850
61141
48404
34994
31227
64564
42279
4809
37415
57801
40171
31704
60224
48731
68578
35093
28480
53134
59841
64455
4076
12547
4664
8906
6687
45861
53131
817
30441
47140
57501
64768
66148
963
26609
52076
59403
60479
2623
49639
61406
30445
18181
30747
28464
1489
61175
22598
41246
11754
53790
50890
50460
60533
35173
55676
65729
18128
37868
9716
60983
380
17298
29073
39832
44886
38642
11192
6695
20754
48605
14626
6249
18221
46422
23733
20999
2423
52097
59563
28277
15048
27832
14916
42703
25931
4609
43397
50043
58017
40034
21303
47705
22146
37834
9654
14076
980
56372
13961
12555
39700
29909
24885
60768
54714
5812
20182
44767
40088
7333
11123
46772
2052
24455
26061
1311
64833
43326
49117
55761
47546
11835
33969
43634
17159
7316
55176
29599
45411
58685
53393
43753
55068
33516
11838
21020
51812
27038
1786
56010
35132
34867
54199
43981
47924
19931
55104
35373
67097
33481
27884
40211
70494
29617
45318
32271
13843
59690
47313
4975
31511
29596
56435
24245
61721
972
62573
21897
36596
68182
52281
60911
36845
44083
23892
2863
23362
30949
38767
58585
20322
6254
51617
13369
47824
22629
54650
40059
33434
23739
6327
58191
41098
19358
9379
68037
35598
6126
21319
9953
362
5299
38988
6016
3285
42865
50262
61619
8830
68396
60401
60259
62441
9894
33022
47324
378
47903
11583
63105
69375
33328
50305
57772
4960
28514
15997
37188
40498
28969
45510
27290
31879
4096
53128
5818
28284
51507
26272
58532
27931
11756
50406
10665
56665
38942
33122
2143
51456
55123
10768
1997
59863
7597
16488
13918
15290
7695
51954
57121
1370
39995
37961
60758
1279
15406
34757
49418
41228
36261
58707
42254
69661
57654
16466
44241
14745
65161
7955
7283
58147
57132
64262
21265
39616
41399
39860
18993
63522
14463
69002
12678
29943
41078
6784
63114
24263
35580
48297
52866
10465
745
34669
10450
19098
38351
44410
65514
56730
30617
761
62641
24654
45314
13342
51746
15749
51540
2471
3361
54729
67262
7704
15606
13246
45688
33227
25002
61922
27483
9910
69765
35941
44575
44991
50842
30482
24965
56879
62484
23326
62497
57242
55835
4095
39404
50431
27809
28188
5129
25565
66538
60626
49420
1678
45669
67875
9591
17364
37979
61474
14468
53185
8580
33257
17548
53565
43931
61565
28807
21915
63393
45327
35545
1644
36729
46272
50308
22494
69963
54139
26465
70987
56139
29399
52050
31061
41885
24127
15002
10263
19549
14081
66303
60224
6022
50952
63857
37334
23415
64532
53385
18527
61496
11824
68366
31609
23090
6229
19132
49090
61871
31504
991
16709
15271
40239
43611
9116
22864
26162
42013
2976
48720
50892
62943
49891
4413
53353
20620
46485
24737
41234
2355
35151
19127
67538
56498
63540
24366
9750
17757
15593
51201
13591
13122
39808
35971
54592
32740
71535
36434
59195
51593
52226
62888
64337
29921
4778
2357
52985
45808
51001
45377
39587
64948
70106
42744
41821
42904
61277
65536
35030
35205
51818
60275
55424
35592
46128
27352
30446
14396
28811
27642
42352
33032
46548
3949
5284
68524
57844
37973
61135
9579
52172
8513
25688
14903
23645
23908
65664
20583
29168
15604
41130
45975
37937
33355
65383
73456
53352
9708
26184
31751
71333
70276
70086
63243
21114
52932
52806
49832
9141
72197
56044
67453
49152
14755
6930
4855
42156
67368
54187
39902
63051
26268
20376
45473
30156
12074
69163
26777
38194
17497
57831
5161
28412
71589
42521
32567
51310
18350
56780
63545
4743
62008
2414
32739
45884
25940
52900
67937
65723
15986
50547
72502
66308
62590
21154
46156
14323
70557
10630
56289
19770
29390
63276
16587
32147
12766
40459
21238
3735
35866
6683
7128
4575
29594
68444
21890
29977
62341
16917
56379
64648
5950
13426
34302
44443
3774
29707
25032
33596
4940
55918
40538
13087
38350
27982
20369
6834
73083
2010
64285
17487
20342
20031
1867
60726
7093
1465
36193
47296
11858
54746
11597
72763
73340
18510
66515
62378
43381
13369
11547
63888
28510
22747
46525
55514
6409
48226
42144
72087
12715
58358
30925
63595
25465
6781
58230
68224
17284
2071
75070
49469
74210
23096
68052
29248
67324
18446
34019
313
14942
61434
23092
11697
32320
9683
38913
45014
63596
54969
700
41999
60236
60304
47205
16255
1979
57556
44728
68537
1360
16924
59427
23768
44889
39982
67394
53815
31666
36603
38918
54202
18781
25579
54464
20530
33635
2405
68703
2726
65696
61789
62424
29658
33242
37937
20356
26837
7357
72598
3764
24820
28653
52339
9593
31266
67250
11815
49527
57757
35252
29386
9244
27422
4063
50105
31219
3930
62956
75153
40851
2292
67061
15088
45541
38968
1442
5505
58986
45500
30794
70484
65134
75041
17951
4037
63795
21223
10268
38361
72008
45901
51433
30261
46132
39337
43230
24642
43273
42111
67821
13004
35755
14324
31825
68921
52411
28219
29238
54699
38260
68686
35259
28452
8505
35861
15717
57024
28627
5934
22061
73192
14003
4728
12907
6532
57357
20941
43658
46727
47770
17560
21899
9760
5465
6579
37868
34401
35094
64247
48285
49679
71852
34228
69205
76753
20409
42286
49463
34875
41972
40682
38118
26910
46453
40515
37789
55457
70296
37518
73832
46971
863
52991
53151
47313
54632
70869
66750
40168
38486
3399
25258
26025
52460
72281
51740
70441
59765
33843
11686
40467
24948
38763
40212
56972
17843
54270
75300
48284
26191
12367
29477
36654
68864
10872
70721
46898
49712
30164
58837
54826
21631
46536
9324
68535
902
42534
39251
70254
38770
45307
5992
5371
20323
48057
45757
66905
62501
46822
56801
33762
74165
75423
45079
68742
57075
16811
58843
17860
55194
65017
42976
9530
10258
773
62988
44785
63931
40836
70415
2270
16147
11178
65573
55258
62275
17065
35587
36683
32375
44154
32010
62178
36235
69535
10498
67510
2686
67318
19535
71936
15303
29291
35459
62854
47048
4
19866
23862
71449
39794
29266
3383
46940
23015
54809
70560
33591
27152
38878
75769
14726
20708
70295
21536
50803
33774
62247
56797
19273
58425
12454
62201
71386
76676
10585
44300
33560
65686
11641
73145
77720
73070
28230
13356
11499
65020
76952
58636
68678
64573
36018
56398
62436
167
52535
65404
67249
53896
1077
63102
65098
42297
31648
63386
8513
37652
16652
55555
71680
19618
44653
62432
58577
65988
6952
455
21796
2775
29507
23286
56526
14488
40857
27354
77676
1691
9816
15299
46810
32993
40877
46969
11742
19077
43547
38737
64168
55259
42955
23169
34672
46278
41567
122
59678
61356
12827
37549
73624
28968
10917
63200
41462
17152
70316
54480
27819
77266
8690
7556
8990
7198
44758
3746
29610
64143
58177
1675
789
25131
55807
18165
67396
70154
63395
26582
17331
78481
15717
7754
16330
10342
46703
38581
37540
61126
57221
25524
823
75410
63207
11781
4737
12969
55768
75385
40382
54577
9548
6501
59132
55063
18456
46918
44656
36596
57031
29155
68257
71638
41387
72512
15582
73019
66994
4642
66592
11995
54492
60670
11729
53069
60543
15617
69779
19927
72739
46560
6688
6770
69285
9281
63859
24810
70743
42823
59158
23023
24959
74803
39933
77718
9849
76349
7309
16385
63663
40540
48914
18080
1188
43228
25192
48565
54281
21695
28758
7268
17923
54281
14480
77925
38606
30378
76268
15374
24969
27166
76728
24436
18158
60683
13005
73432
37627
69182
40176
42113
30203
25055
7529
47851
59509
63584
67691
66025
48080
769
80654
43117
45363
9575
11277
380
12513
12762
11815
4807
15204
34853
28006
75511
77381
75886
45379
19589
30921
27337
48701
78928
46266
52068
48809
56564
63751
36980
77150
41518
47081
27291
22616
50362
3745
55949
7784
47958
293
49675
45086
37057
1084
80780
20923
55020
21403
46520
67080
70391
33281
7985
46759
63185
50237
27395
78528
26597
44866
66401
79867
19093
55709
19993
13551
57355
18652
64787
1828
60635
74317
60659
77893
11620
30084
2681
71696
28772
30343
13407
12160
57737
5596
26997
7467
24495
15226
72293
72375
24719
47484
6000
23781
25937
11832
29277
43554
69157
22650
7643
13397
68485
2562
60664
14891
44925
40283
21012
4917
43046
66166
23125
5959
15972
79542
40506
24613
51282
65119
77212
9439
7079
16429
68605
49082
75520
32
39178
71731
64871
65267
16904
64324
5488
22624
49347
775
7515
45101
64241
24070
46360
26847
47682
62575
67679
30544
17608
3298
68383
23013
47073
43907
3630
40899
5555
52520
36873
72327
38734
3112
31485
35854
9696
78989
81650
67398
10106
81718
15000
19121
13247
49070
48071
2346
49656
8127
13737
60943
41729
53022
55924
17592
14534
68099
25975
55657
6202
77621
318
15515
45879
50683
5889
48889
3224
58044
80063
19505
48427
19171
30190
25950
46410
34495
34295
76838
41790
54268
70637
29761
2388
33360
11838
81243
65028
80924
61849
38390
53613
79809
26769
7945
8434
43861
54112
67274
28438
25309
78986
52944
58410
61948
20784
61667
8057
33644
36789
49580
51125
33984
63579
36191
69756
82230
67312
13955
69838
44838
13076
9657
24610
72369
1653
54923
26648
15918
21473
52022
69184
7736
3171
43500
70420
66526
83445
42306
32832
19856
62808
61042
39901
18008
63908
27056
9227
8609
20861
72803
10798
7372
46209
4002
78788
1602
57283
56542
54504
17473
28701
63734
79598
52008
18168
51174
67733
45924
3140
82885
16996
41612
13669
5771
80536
37151
32214
52693
78532
78978
14791
73318
78773
78856
1972
69168
72965
47353
3128
16852
78620
66186
25954
28433
35423
4912
28311
77340
17559
66921
37889
19283
19687
4899
17070
12689
65412
47721
53181
63624
50667
65137
49610
20824
80477
47948
40542
38819
50635
55653
41942
9970
10212
58942
9969
27514
41182
79812
72904
56353
55891
53169
15002
53360
81080
35936
48204
9490
54913
74923
10449
2517
14086
19159
77830
66129
43686
77798
28622
50022
7962
23496
59130
57397
17310
54907
13100
52484
49862
3914
49032
64575
11705
47543
23094
10061
61052
37280
43606
57114
15943
20995
21263
74541
73080
21233
62907
43778
54234
748
76703
69615
57208
62125
57881
45340
2661
32267
17319
74598
54173
13878
522
16200
25952
13076
66411
51142
58933
36803
68874
3143
9744
52099
72909
59565
80845
56064
68624
25181
41050
24602
85111
78535
51355
41594
45641
58853
59803
72362
6388
59303
20543
55105
83730
624
48624
2750
40027
71296
49867
46353
54940
29860
8192
83913
64472
39053
41277
79122
28554
32872
29148
38919
82742
35928
56327
36387
21041
13582
43961
64259
76890
62845
85364
53093
12499
85045
53275
34504
75363
29056
75207
16895
2734
11877
16756
52810
4440
77046
51085
13356
11209
9324
29897
40961
6140
45571
38514
54253
75271
84607
18991
18978
70749
73866
21081
45786
23205
7936
56562
9781
81011
38222
46736
83514
82548
73481
36984
12114
69016
8662
17589
24309
3621
78208
14418
7039
83860
83361
8530
83254
50063
42612
30774
59301
58437
38446
23577
6874
35093
8886
85729
36781
66652
52034
59851
39254
61272
2219
2620
40743
15558
34750
31744
8356
75807
79863
86064
27834
74038
52315
23905
54180
75731
68191
24715
67488
28413
43913
37799
9423
85077
62470
48658
56439
68261
69417
5583
26739
31577
83509
17076
7704
28537
73074
55785
22425
29347
62203
51404
49960
70442
26751
84846
14054
19309
47639
45187
39174
16961
11338
54511
4986
68097
47570
30669
67626
27325
31952
17112
46810
59488
40985
30046
34540
58005
52267
15764
21926
18662
27683
1794
9622
55545
1079
74481
45546
15566
74932
50804
69040
21320
33853
36206
55217
36862
32786
52302
24905
15806
38917
62584
58401
57997
83397
42488
23425
79415
7060
48680
21662
28532
74990
58319
20019
41469
57726
5477
81582
47824
8643
11052
33136
75546
23180
85673
35516
20708
70542
67391
22989
4415
70008
64147
48661
5052
80152
65112
34178
80770
85123
47815
86497
26419
85287
87443
22684
10316
21168
19841
65021
43542
54314
40070
35144
62890
77306
11881
37803
60680
38682
57957
81530
84533
83211
57754
83402
49906
1642
81489
85400
37760
30782
58185
45174
74236
73152
72534
10866
29998
16288
74388
36328
46378
16383
13515
69365
60358
70494
49670
53155
8875
37082
52836
70690
58175
57981
27508
33444
22937
88234
79172
2794
26078
31560
36156
950
27275
86190
85206
76361
81208
20830
943
27785
37756
84817
22428
46950
78909
86149
73589
53223
4572
51041
22127
47918
27939
77259
32871
5959
77972
74436
48741
9169
28492
29275
47350
32486
26252
77697
79623
13213
73711
6086
79053
14957
12090
78206
63528
69339
6209
63258
47021
13660
31822
954
50360
1490
46694
11262
37113
47842
7209
81260
79162
76988
84692
86552
41954
62453
43584
11808
41645
29046
69477
29427
78505
17078
44379
59906
12962
35384
84775
10663
64743
64260
16762
58595
40197
80194
36741
53179
35192
66199
67782
22162
86876
66369
10866
78371
35315
47798
33974
79793
69388
10103
12969
23654
36318
71773
75772
60407
43224
81883
77170
39369
11874
27326
54640
47859
58530
30472
72810
75465
57853
63003
70414
46032
27225
8863
85627
20295
53221
53820
89276
41925
34315
19056
7522
997
15146
19214
71271
39914
19375
17288
8288
53065
37878
71621
15167
22787
66508
21238
88234
24549
30939
14562
82754
80592
79535
4440
82559
13975
61559
31711
70279
29769
20413
17711
16610
5435
26043
26437
49315
52761
10570
6260
19168
65932
23432
65538
52871
25146
64875
19115
84516
38299
19255
62150
67380
17036
45677
42229
51803
85419
69123
52456
87507
70159
60897
64140
44512
12976
80809
13190
80578
13730
9126
6410
638
78461
29880
80290
18937
83543
39001
88653
9729
84601
73606
41394
82666
40932
19087
14767
45619
73424
32729
26041
20778
29451
1115
42427
45125
13583
75196
53483
64015
25741
78622
88457
64199
20722
19537
66307
30224
40384
86405
30587
29639
11138
28833
51167
88074
90160
82962
65907
78307
10559
18107
65238
19988
64544
61170
49021
20104
40696
49198
4810
59195
6626
30236
10552
23759
1983
83338
36392
56090
30807
17786
87853
73841
73958
4638
73307
7425
38843
29639
25217
76676
56401
13358
70282
66761
43358
35238
5
42912
48256
44679
59500
12299
51306
13797
687
75852
67472
78129
13108
83044
43905
46891
60574
74788
83296
48957
16841
35093
69326
62259
86388
13866
84998
26930
14819
61392
64145
70548
54220
79614
56570
33201
24043
32013
87601
9877
2354
74497
2311
16785
30374
54838
14909
61666
44660
42470
7185
48562
11711
24884
72103
25259
4224
73455
31467
59783
15928
63631
56076
55857
56081
38571
63899
12554
45159
86787
39765
40517
22705
111
83487
64283
32605
849
21020
77853
47029
70797
6191
77069
79393
2647
81984
80580
79510
72156
86218
47464
7164
60458
55832
79018
8823
44943
67259
9079
18314
4524
33567
70529
18510
33044
1322
51977
19538
30549
28381
7421
68332
40400
8997
69529
60083
64397
63699
20733
8978
26355
82356
32552
58207
89648
52148
4521
28993
8839
32133
91297
70248
78197
32087
3859
70958
49704
52465
12518
8718
84003
45421
9038
47032
49252
68218
87305
482
58152
81781
63700
66367
19892
25786
81061
48366
79118
9232
57136
59145
53623
66695
84753
2794
65099
940
42892
45517
36649
68969
38527
85320
79165
38209
68045
79932
85746
64952
22907
31006
76391
31022
92635
20668
13209
78207
56473
68162
29761
75354
75467
51283
12520
75946
54819
79849
9621
82241
5916
63403
50286
89240
69752
542
31407
59936
69059
57688
1915
19588
81849
88918
2815
27928
51200
57260
38689
13214
50186
72181
64715
74096
33618
51486
36322
44569
81274
64094
39138
80159
81232
34498
7242
75132
74923
36929
41670
30723
26742
80028
31142
60661
81664
50518
17932
69857
69379
55883
69921
845
57522
39862
47436
5753
77242
28839
85668
3979
74541
10351
28512
14980
68355
21426
65435
88999
18444
154
80373
41647
20030
1255
19724
3769
15765
83196
3639
13662
10194
10587
40781
12650
67600
11368
23346
75425
91742
21440
32832
22072
29211
457
91202
7633
5769
30377
77716
31053
3296
8754
14565
54993
15579
27892
15726
69838
67168
31475
45777
52220
62757
57696
83667
75731
20519
17507
28082
66714
23143
4962
5038
34253
89831
31876
33839
72181
59027
35761
53280
7391
89463
3094
19869
53558
13612
59587
17507
32264
85101
5108
45825
27252
62041
75141
52192
9845
71502
10907
49256
56836
93199
15136
74664
523
53727
60107
86211
42131
93848
45130
84820
37112
85037
60975
66466
28402
24190
59520
93644
63624
8805
45669
24029
2673
66052
15558
77970
41096
37861
55092
41174
56023
23307
8404
63560
15349
70736
48825
23508
39669
13128
87240
80790
44224
6197
3529
6176
71949
30375
40617
6775
40895
53692
90865
29327
68008
73199
29782
1349
2756
79217
6126
93353
31794
51913
39943
35249
84077
851
29436
16049
74010
43275
46653
89610
35811
14132
17256
86977
81116
18313
35226
90988
1034
91782
74978
43266
3308
40994
46796
65478
53839
55772
62386
27965
11012
77545
67618
37516
89670
90675
23851
89284
41934
48991
29668
19411
94992
51651
6925
92200
26794
54772
46276
38239
34896
35253
62385
82160
56862
11541
44065
48040
25198
18817
82119
18122
83439
30067
22158
36605
37987
78033
89529
9385
48716
58402
27148
83889
88631
22313
19174
81873
33501
40064
14649
51686
95123
18553
66513
22861
30301
75348
24772
55731
85607
89880
91239
87701
4809
3671
75852
80035
72252
10839
75733
46296
95739
43686
95218
35186
84303
88
36382
63164
47769
36735
33701
13755
14445
20040
13482
7054
28063
20105
40830
79339
69437
45192
45879
67902
60566
62057
88521
33151
92618
80569
47866
12202
23539
3607
87402
77463
21102
35210
95082
18860
5281
85200
7304
42009
1345
44361
58919
1539
30172
46446
15466
13009
2494
26044
34434
92731
59766
50882
71925
75203
12944
19551
35892
22113
74877
77118
77987
1505
64724
45025
72346
75266
63087
8476
7260
813
45930
53094
43754
5372
75145
29693
3594
62108
52726
59356
27685
5213
90711
12947
90478
70793
2395
59792
2863
68198
65283
45525
77467
89886
84810
19629
41224
62737
23749
61264
96474
72649
79669
7142
38504
63351
96658
93301
75859
17973
77213
17158
26339
87911
7036
79888
3838
16564
71712
17456
34303
466
27006
94536
85809
6753
12933
10708
18443
65060
40823
29113
54011
33555
59768
83096
53438
71563
51080
70306
49034
51802
31280
86277
21508
90647
41682
47352
72596
64613
32929
56962
75844
94268
52298
35384
59836
73468
45870
81197
3963
80600
96077
72702
30713
8070
33883
679
26482
92690
42455
50623
32790
8491
75812
6541
73940
75328
62057
89291
63444
65485
20713
56819
18102
49625
72016
25639
12870
74542
19857
84339
93440
30515
11525
61157
26499
61567
56230
26372
75407
82923
84819
16362
32456
34673
50424
74790
62493
59435
13471
49528
5854
89182
47006
37353
12784
49211
43182
66393
77336
36558
17504
32570
4503
96007
73054
77568
63333
78875
36388
38770
4651
30672
87866
82769
30128
11096
55855
77418
88149
40147
7059
59871
13172
2504
44080
15228
87635
97514
4978
6886
67209
17480
41312
13343
79269
40539
68779
89361
46034
93331
51792
7487
28559
97668
39239
39434
16348
63926
18488
55316
91073
3056
51606
23188
98237
39693
50885
66008
85090
4224
17389
80573
75669
98668
55230
76695
43631
47585
80729
32738
47933
90866
67668
37208
54677
86188
18234
34729
44850
91553
78171
1409
89073
57226
65393
91956
79010
80240
6000
13915
51907
69195
28849
84863
49320
55459
50724
56042
14441
60701
77860
65704
13436
13513
91731
4051
42403
38524
60904
44960
28251
95452
62459
55314
6024
14174
86022
84309
49475
38792
