9478 9478 9345 9280 9223 9184 9178 9031 8997 8898
19018 18937 18702 18607 18597 18164 18130 18080 18009 17849
28727 28707 28488 28189 27941 27893 27809 27631 27591 27548
38885 38656 38537 38324 38026 37884 37642 37612 37583 37385
49049 48659 48274 48079 47958 47778 47665 47593 47127 46971
59627 58503 58299 57938 57706 57271 56635 56119 56109 55827
68578 67945 67627 67552 67325 67210 67049 66752 66405 66148
78481 77720 77676 77266 76952 76753 76676 75769 75423 75410
89276 88234 88234 87443 86876 86552 86497 86190 86149 86064
98668 98237 97668 97514 96658 96474 96077 96007 95739 95452
