997050 997050 995196 994860 994178 993654 987856 987335 984973 984244
999594 999351 998198 998128 998031 997050 997050 996674 995961 995196
999594 999351 998922 998829 998198 998128 998031 997050 997050 996674
999948 999594 999351 998922 998829 998198 998128 998031 997050 997050
999948 999594 999548 999351 998922 998829 998198 998128 998031 997569
999948 999594 999548 999496 999351 999027 998922 998829 998198 998128
999948 999594 999548 999496 999351 999027 998984 998922 998829 998278
999948 999594 999548 999496 999351 999027 998984 998922 998829 998278
999948 999594 999548 999496 999445 999351 999027 998984 998922 998829
999948 999594 999548 999522 999496 999445 999351 999027 998984 998922
